Results for attackVector:
Theta (Category Probabilities): [0.72700169 0.03055773 0.23172418 0.0107164 ]
Confusion Matrix:
 [[0.40489147 0.19912973 0.19774727 0.19823154]
 [0.19557125 0.40832633 0.18962481 0.20647762]
 [0.20076122 0.19477568 0.39986396 0.20459914]
 [0.19470144 0.20695305 0.19848375 0.39986175]]

Results for attackComplexity:
Theta (Category Probabilities): [0.92561059 0.07438941]
Confusion Matrix:
 [[0.66953673 0.33046327]
 [0.33911152 0.66088848]]

Results for privilegesRequired:
Theta (Category Probabilities): [0.56248461 0.32404148 0.11347391]
Confusion Matrix:
 [[0.50346853 0.24814721 0.24838426]
 [0.24824724 0.49849468 0.25325808]
 [0.24343767 0.25602752 0.50053481]]

Results for userInteraction:
Theta (Category Probabilities): [0.66438595 0.33561405]
Confusion Matrix:
 [[0.6637903  0.3362097 ]
 [0.33476419 0.66523581]]

Results for scope:
Theta (Category Probabilities): [0.7989085 0.2010915]
Confusion Matrix:
 [[0.66247823 0.33752177]
 [0.32992404 0.67007596]]

Results for confidentialityImpact:
Theta (Category Probabilities): [0.22879059 0.23186133 0.53934807]
Confusion Matrix:
 [[0.48963178 0.25706196 0.25330625]
 [0.25817705 0.49354694 0.248276  ]
 [0.23975537 0.25838123 0.5018634 ]]

Results for integrityImpact:
Theta (Category Probabilities): [0.30762606 0.23476862 0.45760532]
Confusion Matrix:
 [[0.49475876 0.25536204 0.24987919]
 [0.24520178 0.49862598 0.25617224]
 [0.23647281 0.25732505 0.50620214]]

Results for availabilityImpact:
Theta (Category Probabilities): [0.40423921 0.06873448 0.52702631]
Confusion Matrix:
 [[0.49530109 0.24985789 0.25484101]
 [0.23948133 0.50502178 0.25549689]
 [0.25205598 0.25499172 0.49295229]]

