Results for attackVector:
Theta (Category Probabilities): [0.72132375 0.05532991 0.2116052  0.01174113]
Confusion Matrix:
 [[0.41226116 0.19406205 0.20080146 0.19287533]
 [0.19697788 0.3990042  0.19539725 0.20862067]
 [0.19596574 0.19460723 0.41200499 0.19742204]
 [0.20049398 0.21224511 0.19678674 0.39047418]]

Results for attackComplexity:
Theta (Category Probabilities): [0.83993882 0.16006118]
Confusion Matrix:
 [[0.65380866 0.34619134]
 [0.33722241 0.66277759]]

Results for privilegesRequired:
Theta (Category Probabilities): [0.46745515 0.36639833 0.16614653]
Confusion Matrix:
 [[0.50470234 0.2454266  0.24987106]
 [0.24416485 0.51524478 0.24059037]
 [0.24552492 0.25547154 0.49900354]]

Results for userInteraction:
Theta (Category Probabilities): [0.65458999 0.34541001]
Confusion Matrix:
 [[0.66494015 0.33505985]
 [0.33055132 0.66944868]]

Results for scope:
Theta (Category Probabilities): [0.7310988 0.2689012]
Confusion Matrix:
 [[0.66977223 0.33022777]
 [0.33526445 0.66473555]]

Results for confidentialityImpact:
Theta (Category Probabilities): [0.27483414 0.3120938  0.41307206]
Confusion Matrix:
 [[0.49691913 0.23639732 0.26668355]
 [0.2432647  0.50048415 0.25625116]
 [0.24945468 0.24596533 0.50457999]]

Results for integrityImpact:
Theta (Category Probabilities): [0.29905043 0.35463915 0.34631042]
Confusion Matrix:
 [[0.46597396 0.27291487 0.26111117]
 [0.25811834 0.49655474 0.24532692]
 [0.25970359 0.25653808 0.48375833]]

Results for availabilityImpact:
Theta (Category Probabilities): [0.40398285 0.21895241 0.37706474]
Confusion Matrix:
 [[0.50820387 0.24246839 0.24932774]
 [0.25606024 0.49049835 0.25344141]
 [0.25871381 0.25465374 0.48663245]]

