Results for attackVector:
Theta (Category Probabilities): [0.72134808 0.05530036 0.21158225 0.0117693 ]
Confusion Matrix:
 [[0.40050851 0.20002764 0.19757623 0.20188762]
 [0.20223567 0.40418628 0.19135122 0.20222684]
 [0.19716101 0.20725933 0.39772028 0.19785938]
 [0.19614426 0.20160424 0.20105665 0.40119484]]

Results for attackComplexity:
Theta (Category Probabilities): [0.83985779 0.16014221]
Confusion Matrix:
 [[0.66550548 0.33449452]
 [0.33113623 0.66886377]]

Results for privilegesRequired:
Theta (Category Probabilities): [0.46754074 0.36634612 0.16611314]
Confusion Matrix:
 [[0.49645058 0.25434472 0.24920471]
 [0.24947121 0.5013293  0.2491995 ]
 [0.24427624 0.24922403 0.50649972]]

Results for userInteraction:
Theta (Category Probabilities): [0.6546241 0.3453759]
Confusion Matrix:
 [[0.65489257 0.34510743]
 [0.33769273 0.66230727]]

Results for scope:
Theta (Category Probabilities): [0.73123426 0.26876574]
Confusion Matrix:
 [[0.6628446  0.3371554 ]
 [0.33115918 0.66884082]]

Results for confidentialityImpact:
Theta (Category Probabilities): [0.27463406 0.3121565  0.41320943]
Confusion Matrix:
 [[0.51005582 0.24515948 0.2447847 ]
 [0.24673146 0.50356349 0.24970505]
 [0.24988697 0.24485744 0.50525559]]

Results for integrityImpact:
Theta (Category Probabilities): [0.29909051 0.35462737 0.34628212]
Confusion Matrix:
 [[0.49555188 0.25121801 0.25323011]
 [0.26249822 0.49711839 0.24038338]
 [0.24750284 0.25069813 0.50179904]]

Results for availabilityImpact:
Theta (Category Probabilities): [0.4040305  0.21895656 0.37701294]
Confusion Matrix:
 [[0.50071989 0.24786734 0.25141277]
 [0.26747295 0.48760893 0.24491812]
 [0.25476506 0.24288668 0.50234826]]

