Results for attackVector:
Theta (Category Probabilities): [0.72864212 0.02305683 0.23789743 0.01040361]
Confusion Matrix:
 [[0.39754345 0.19859013 0.20276283 0.2011036 ]
 [0.19803427 0.39927024 0.19884251 0.20385298]
 [0.19861003 0.19364763 0.3977232  0.21001914]
 [0.19508329 0.19828019 0.20188728 0.40474924]]

Results for attackComplexity:
Theta (Category Probabilities): [0.95171023 0.04828977]
Confusion Matrix:
 [[0.66149118 0.33850882]
 [0.3240966  0.6759034 ]]

Results for privilegesRequired:
Theta (Category Probabilities): [0.59135262 0.31120406 0.09744332]
Confusion Matrix:
 [[0.50402826 0.24911393 0.24685782]
 [0.25388518 0.50076515 0.24534967]
 [0.24213153 0.25982131 0.49804716]]

Results for userInteraction:
Theta (Category Probabilities): [0.66731006 0.33268994]
Confusion Matrix:
 [[0.6776349  0.3223651 ]
 [0.33949124 0.66050876]]

Results for scope:
Theta (Category Probabilities): [0.81955811 0.18044189]
Confusion Matrix:
 [[0.66410386 0.33589614]
 [0.32975258 0.67024742]]

Results for confidentialityImpact:
Theta (Category Probabilities): [0.21480999 0.20740011 0.57778991]
Confusion Matrix:
 [[0.48957465 0.25682617 0.25359917]
 [0.24293426 0.50390402 0.25316173]
 [0.26051513 0.24245362 0.49703125]]

Results for integrityImpact:
Theta (Category Probabilities): [0.31022006 0.19832483 0.49145511]
Confusion Matrix:
 [[0.49399138 0.24761262 0.258396  ]
 [0.24859463 0.49815446 0.25325091]
 [0.24825076 0.25384726 0.49790199]]

Results for availabilityImpact:
Theta (Category Probabilities): [0.40422597 0.02299598 0.57277805]
Confusion Matrix:
 [[0.49781697 0.25278887 0.24939416]
 [0.24993101 0.49883823 0.25123075]
 [0.24631876 0.24883781 0.50484344]]

