Results for attackVector:
Theta (Category Probabilities): [0.74005436 0.04144673 0.20808268 0.01041623]
Confusion Matrix:
 [[0.40079737 0.19814174 0.19567307 0.20538782]
 [0.19681661 0.40275915 0.20700461 0.19341963]
 [0.1974934  0.20075325 0.40728013 0.19447321]
 [0.19893248 0.2026101  0.19695774 0.40149968]]

Results for attackComplexity:
Theta (Category Probabilities): [0.89492213 0.10507787]
Confusion Matrix:
 [[0.66237096 0.33762904]
 [0.33364169 0.66635831]]

Results for privilegesRequired:
Theta (Category Probabilities): [0.49430988 0.35990343 0.14578668]
Confusion Matrix:
 [[0.50340303 0.25543526 0.2411617 ]
 [0.25061183 0.49793565 0.25145252]
 [0.25667067 0.25110058 0.49222875]]

Results for userInteraction:
Theta (Category Probabilities): [0.66766768 0.33233232]
Confusion Matrix:
 [[0.65768182 0.34231818]
 [0.32917613 0.67082387]]

Results for scope:
Theta (Category Probabilities): [0.75672279 0.24327721]
Confusion Matrix:
 [[0.66591334 0.33408666]
 [0.34685574 0.65314426]]

Results for confidentialityImpact:
Theta (Category Probabilities): [0.24688303 0.28141652 0.47170045]
Confusion Matrix:
 [[0.49697482 0.25227987 0.25074531]
 [0.24155878 0.50197063 0.25647058]
 [0.24844457 0.25701324 0.4945422 ]]

Results for integrityImpact:
Theta (Category Probabilities): [0.30294327 0.30105995 0.39599678]
Confusion Matrix:
 [[0.50008974 0.25241234 0.24749792]
 [0.25548196 0.49283263 0.25168542]
 [0.24911284 0.25947917 0.49140799]]

Results for availabilityImpact:
Theta (Category Probabilities): [0.42224446 0.12747821 0.45027732]
Confusion Matrix:
 [[0.50336609 0.24931466 0.24731925]
 [0.2566965  0.48978606 0.25351744]
 [0.24667304 0.25246377 0.50086319]]

